OID_	Longitude	Latitude	Type
1	-1.64539282	4.972347746	sample
2	-1.646284397	4.975005934	sample
3	-1.644761277	4.972944877	sample
4	-1.647514089	4.972900336	sample
5	-1.64643378	4.972419683	sample
6	-1.644700223	4.972382452	sample
7	-1.644911813	4.974666339	sample
8	-1.646352886	4.974794106	sample
9	-1.644905043	4.974279312	sample
10	-1.645001377	4.972992873	sample
11	-1.645879129	4.974170869	sample
12	-1.645775519	4.973562978	sample
13	-1.647540309	4.971993057	sample
14	-1.646286763	4.972708993	sample
15	-1.646157436	4.971590367	sample
16	-1.647359776	4.971915711	sample
17	-1.646015574	4.972292284	sample
18	-1.646040278	4.974836696	sample
19	-1.646067394	4.971305635	sample
20	-1.647755652	4.972028911	sample
21	-1.646186061	4.971525417	sample
22	-1.646364531	4.97216507	sample
23	-1.645414814	4.972057774	sample
24	-1.645187674	4.972269106	sample
25	-1.646009869	4.971706139	sample
26	-1.645911865	4.972951079	sample
27	-1.645472491	4.972281526	sample
28	-1.645518647	4.975363956	sample
29	-1.64592964	4.974546628	sample
30	-1.646160775	4.973883554	sample
31	-1.645241843	4.971596754	sample
32	-1.646522433	4.973020491	sample
33	-1.647541262	4.971213681	sample
34	-1.644551894	4.971963554	sample
35	-1.644799533	4.971750246	sample
36	-1.646037754	4.975394368	sample
37	-1.647704539	4.972099252	sample
38	-1.644793756	4.973331991	sample
39	-1.646348937	4.974323831	sample
40	-1.647626323	4.972890542	sample
41	-1.645908577	4.971806093	sample
42	-1.646251223	4.973760033	sample
43	-1.645166305	4.975022006	sample
44	-1.6464206	4.972431889	sample
45	-1.647704967	4.971402909	sample
46	-1.64531173	4.974717817	sample
47	-1.645129264	4.97358443	sample
48	-1.645586119	4.973585424	sample
49	-1.646334857	4.975191462	sample
50	-1.645516595	4.973539673	sample
51	-1.645945939	4.972738386	sample
52	-1.644616228	4.972463329	sample
53	-1.646039844	4.973598824	sample
54	-1.646109038	4.971921216	sample
55	-1.646289412	4.974956871	sample
56	-1.645245357	4.974330653	sample
57	-1.646020406	4.972301745	sample
58	-1.64525559	4.973432288	sample
59	-1.645369227	4.972324268	sample
60	-1.646309743	4.973053905	sample
61	-1.645447512	4.972398337	sample
62	-1.645332487	4.973347939	sample
63	-1.646008939	4.975715939	sample
64	-1.64640822	4.971566515	sample
65	-1.646061056	4.973536739	sample
66	-1.646645707	4.971662815	sample
67	-1.646366008	4.971582417	sample
68	-1.645980466	4.97354347	sample
69	-1.64565267	4.972282228	sample
70	-1.645580912	4.971501278	sample
71	-1.644285633	4.973092699	sample
72	-1.646702796	4.972500199	sample
73	-1.645424055	4.973718726	sample
74	-1.645718259	4.974810245	sample
75	-1.645468138	4.97306026	sample
76	-1.644392216	4.972825616	sample
77	-1.647567963	4.971164579	sample
78	-1.64761412	4.972789212	sample
79	-1.645569775	4.974000825	sample
80	-1.64637434	4.971719224	sample
81	-1.646141514	4.975354485	sample
82	-1.644771844	4.972563223	sample
83	-1.646154708	4.974866804	sample
84	-1.64680906	4.973070248	sample
85	-1.64498646	4.971528184	sample
86	-1.645573984	4.973820381	sample
87	-1.645637491	4.975617504	sample
88	-1.647045976	4.972559689	sample
89	-1.645901068	4.974566623	sample
90	-1.647755382	4.971492694	sample
91	-1.644520357	4.973397783	sample
92	-1.644822634	4.97411286	sample
93	-1.645716073	4.974098463	sample
94	-1.646393724	4.9740879	sample
95	-1.645130481	4.974854314	sample
96	-1.646254997	4.973945271	sample
97	-1.647075015	4.972562065	backup
98	-1.645977231	4.971801648	backup
99	-1.645871254	4.973617336	backup
100	-1.645691729	4.975840702	backup
101	-1.645344659	4.972029911	backup
102	-1.645194512	4.972332155	backup
103	-1.645873102	4.975268854	backup
104	-1.645704324	4.975429008	backup
105	-1.64504362	4.971497805	backup
106	-1.646630283	4.971848373	backup
107	-1.645064771	4.974239956	backup
108	-1.645471493	4.972680106	backup
109	-1.645285089	4.974143066	backup
110	-1.647313564	4.972714579	backup
111	-1.64789222	4.972422665	backup
112	-1.645001374	4.975378574	backup
113	-1.644513677	4.97262523	backup
114	-1.648089134	4.972355083	backup
115	-1.64456488	4.972661471	backup
116	-1.646543442	4.971698465	backup
117	-1.644639668	4.974657007	backup
118	-1.645318735	4.975188324	backup
119	-1.646158318	4.973947274	backup
120	-1.64791097	4.972453445	backup
121	-1.645188639	4.97225771	backup
122	-1.646742696	4.973034914	backup
123	-1.645524099	4.974989612	backup
124	-1.644563452	4.972882774	backup
125	-1.647142263	4.972095084	backup
126	-1.64618541	4.97562791	backup
127	-1.64543752	4.972591791	backup
128	-1.6467903	4.972115765	backup
129	-1.644924325	4.972140075	backup
130	-1.64483734	4.974714086	backup
131	-1.644556312	4.973182863	backup
132	-1.645100498	4.97309756	backup
133	-1.644886905	4.974224016	backup
134	-1.645759488	4.974811116	backup
135	-1.645077472	4.972548455	backup
136	-1.646632025	4.972583046	backup
137	-1.644533862	4.972541968	backup
138	-1.64579143	4.972522436	backup
139	-1.647588065	4.972509811	backup
140	-1.645154757	4.971974581	backup
141	-1.645684079	4.975686514	backup
142	-1.647179132	4.972713673	backup
143	-1.64489274	4.973879281	backup
144	-1.645880894	4.973360644	backup
145	-1.646606146	4.972307357	backup
146	-1.647299259	4.971772423	backup
147	-1.644482261	4.972484774	backup
148	-1.646579222	4.97306906	backup
149	-1.645496645	4.97183889	backup
150	-1.644916626	4.972559387	backup
151	-1.647576846	4.971148152	backup
152	-1.647524452	4.971951038	backup
153	-1.646143931	4.972288167	backup
154	-1.64586642	4.972700565	backup
155	-1.645499707	4.974722791	backup
156	-1.64557199	4.974618064	backup
157	-1.645899697	4.975871004	backup
158	-1.644832884	4.972016161	backup
159	-1.646869998	4.972074403	backup
160	-1.645827372	4.975930322	backup
161	-1.646995689	4.971810059	backup
162	-1.647547246	4.972128044	backup
163	-1.646067689	4.973870375	backup
164	-1.644855128	4.972390634	backup
165	-1.64543072	4.975617421	backup
166	-1.645051066	4.973157575	backup
167	-1.645117255	4.974738558	backup
168	-1.644291207	4.972974569	backup
169	-1.646780992	4.971942208	backup
170	-1.645568022	4.972256511	backup
171	-1.646046782	4.975697086	backup
172	-1.645353003	4.971783115	backup
173	-1.645697201	4.97153321	backup
174	-1.644624114	4.97239465	backup
175	-1.646607452	4.972104029	backup
176	-1.646164436	4.975503138	backup
177	-1.645612416	4.975288845	backup
178	-1.647111377	4.971374913	backup
179	-1.645198716	4.971944724	backup
180	-1.645698374	4.97460218	backup
181	-1.646952753	4.973039302	backup
182	-1.644833763	4.974160833	backup
183	-1.645724753	4.974247147	backup
184	-1.647857297	4.972591304	backup
185	-1.646277047	4.974011257	backup
186	-1.645942435	4.971335589	backup
187	-1.645971279	4.97326135	backup
188	-1.646315602	4.9740585	backup
189	-1.646027276	4.975444575	backup
190	-1.645744793	4.974570709	backup
191	-1.64526274	4.974248362	backup
192	-1.644694964	4.973557439	backup
